429
6
198
8
97
652
16
76
312
25
40
79
33
151
269
30
198
29
0
217
547
52
11
81
6
285
44
80
90
113
105
291
49
367
14
58
4
9
152
24
7
19
17
14
24
54
19
74
239
118
13
15
2
6
60
12
408
138
236
31
53
37
25
40
16
11
169
284
239
817
7
49
17
54
5
15
147
11
9
2
45
35
366
6
22
23
90
24
25
36
486
53
47
26
52
45
188
80
185
11
1228
117
62
7
31
33
52
None
62
17
427
102
16
83
7
5
94
11
285
22
665
23
48
8
132
5
11
25
29
17
28
253
197
30
7
2
15
85
17
6
7
31
37
65
116
98
27
4
87
10
72
17
5
15
35
33
9
107
339
1559
144
170
145
62
5
25
12
24
27
None
367
24
50
181
257
420
111
9
59
465
83
209
141
15
369
41
20
41
78
20
274
16
211
92
131
396
91
53
124
42
37
65
73
138
42
None
92
406
52
91
25
122
154
2
10
29
307
8
35
152
490
7
13
67
62
82
35
3
118
31
16
189
None
83
400
61
28
30
15
6
26
130
8
76
6
11
224
5
31
1
162
308
14
172
79
199
89
5
28
257
455
21
139
14
284
431
66
73
8
None
21
24
18
109
26
213
34
4
31
18
175
66
143
16
12
107
5
4
476
12
273
58
123
20
1
220
8
21
66
148
497
14
38
37
101
11
490
36
28
13
8
161
17
19
74
17
13
143
497
4
34
59
45
4
96
104
30
284
23
39
35
42
142
8
24
147
2
180
62
36
84
27
29
40
3
31
14
35
128
4
112
42
116
17
80
24
69
24
33
111
88
21
22
7
32
10
119
196
36
None
33
69
85
589
206
19
12
17
12
5
14
14
3
43
224
6
27
66
26
85
16
219
60
154
59
71
299
19
61
6
371
16
66
19
51
3
73
62
11
69
25
22
75
4
185
45
50
14
18
21
15
10
13
36
39
None
11
31
53
447
402
27
20
63
29
123
51
11
142
43
326
16
53
23
60
227
32
423
1
16
9
8
44
307
199
40
48
90
13
13
356
5
11
4
486
5
33
183
16
145
7
9
4
810
321
59
18
157
21
19
10
143
18
178
9
61
7
14
99
10
103
55
37
52
194
18
73
21
13
596
2659
72
18
52
41
221
195
67
25
387
5
131
478
45
74
931
114
7
14
5
151
6
12
12
31
45
38
32
49
1
53
93
333
59
177
84
46
250
221
80
23
31
44
87
26
17
51
39
216
8
80
15
19
29
187
18
37
16
7
46
26
30
10
1
463
20
8
13
125
60
52
1070
44
23
105
52
3
38
8
22
145
3
5
31
110
73
324
39
None
18
26
9
95
70
9
154
21
224
210
143
22
13
7
100
48
9
6
31
34
None
10
95
455
391
920
24
31
123
7
925
30
54
8
2
51
20
990
90
14
311
None
52
281
10
37
48
47
58
26
3
88
9
90
19
42
157
235
1
32
106
53
167
1
26
41
154
28
56
8
152
41
201
84
60
18
139
495
49
10
27
62
34
38
49
40
7
112
11
12
179
353
34
34
12
10
79
138
103
3
51
5
60
16
8
191
43
56
7
99
39
7
175
5
20
18
5
38
8
61
23
66
1
16
6
18
25
5
31
139
12
357
19
86
5
68
147
17
14
83
32
11
6
8
143
52
110
11
806
57
411
22
97
18
64
32
32
40
25
85
34
106
6
70
42
111
52
15
65
248
115
70
1352
113
51
222
65
18
20
69
174
6
72
16
79
16
39
8
33
6
290
7
2
37
19
238
12
9
16
304
2
115
12
91
None
44
14
11
258
55
7
192
155
15
13
96
5
111
166
127
162
46
234
181
20
400
39
20
67
12
50
10
104
195
490
5
46
31
26
60
60
85
76
55
519
333
14
6
179
160
72
21
14
13
12
12
7
11
28
93
191
33
119
20
36
33
12
32
14
13
6
33
125
457
21
20
262
4
184
314
123
8
27
38
126
42
162
56
69
31
11
77
136
18
71
1329
34
40
41
27
10
124
1
92
11
6
7
65
67
176
10
128
79
8
26
171
52
10
782
22
29
228
32
8
669
18
28
170
24
24
198
101
20
6
32
13
20
4
29
35
13
13
232
114
46
1341
296
25
30
23
19
442
64
32
17
26
129
207
6
24
89
10
None
139
105
16
11
40
8
10
496
886
10
None
101
134
101
65
19
88
407
57
74
11
60
7
31
36
403
229
243
106
43
14
73
11
35
5
62
46
94
285
24
34
12
40
63
18
59
56
18
540
56
24
382
49
25
7
51
42
16
1
108
140
385
7
116
30
191
5
206
14
89
10
39
53
52
68
13
85
11
7
106
46
10
3
13
73
21
95
1038
159
153
31
31
235
11
61
14
41
43
40
18
5
5
12
6
9
1358
308
104
31
14
27
None
77
84
68
39
10
10
1
454
20
9
71
1867
8
74
13
2
40
21
54
78
27
14
8
23
76
45
74
137
25
2
218
79
3
3
1867
68
44
18
39
28
57
9
118
7
17
22
40
13
90
53
28
6
215
59
62
167
73
12
431
9
98
977
26
15
153
22
12
55
15
5
91
37
391
17
1
1
234
76
20
14
12
11
69
26
1026
164
29
49
28
47
107
500
42
22
35
84
24
7
111
6
37
141
18
78
57
20
125
14
34
32
36
58
48
177
4
69
None
19
29
418
447
391
66
11
85
42
70
106
127
24
709
41
7
10
20
13
24
6
113
28
97
83
74
27
16
65
389
19
6
24
19
3
35
158
57
9
292
7
15
6
110
29
11
121
120
20
66
30
25
40
89
3
17
517
10
24
191
10
56
52
470
28
50
46
31
15
5
46
415
80
40
11
6
16
79
8
10
16
76
171
679
16
30
153
10
27
20
159
26
12
17
17
54
15
317
130
30
234
25
52
7
167
23
29
5
18
10
5
10
112
210
296
24
86
89
420
28
14
8
27
101
16
20
54
6
19
56
25
51
40
21
32
11
56
12
22
12
9
None
221
15
418
138
128
50
11
20
17
8
23
3
336
11
26
52
44
29
31
6
3
41
None
73
40
26
10
27
149
402
176
74
None
19
28
15
2
25
712
28
54
263
42
75
143
462
325
16
121
14
20
31
76
841
25
106
21
94
33
2
43
17
150
1793
2
39
10
110
6
198
18
7
11
11
3
173
94
18
9
16
16
416
6
347
25
24
12
7
126
11
63
20
2
61
137
12
39
14
25
227
34
141
29
17
29
18
97
6
27
110
55
21
43
124
25
98
235
143
367
16
53
384
162
60
21
25
31
283
58
155
25
121
47
24
128
28
14
14
92
8
150
80
420
39
80
None
37
26
49
289
15
98
379
7
39
89
36
10
None
106
39
14
59
31
None
43
20
5
36
130
47
25
14
10
42
89
1
387
125
41
50
1004
81
19
41
22
39
25
137
106
172
7
84
11
11
9
13
8
53
43
162
142
12
9
20
4
864
178
19
49
654
49
26
116
36
26
64
173
274
76
19
64
248
21
13
20
66
81
153
36
97
23
44
26
36
13
206
38
143
10
10
16
58
8
7
None
2
170
9
39
26
31
44
19
42
73
8
219
416
311
60
16
12
49
125
14
26
18
194
89
15
72
15
6
145
89
26
227
13
53
11
37
48
711
112
10
1559
14
20
28
12
81
18
43
19
81
11
7
51
12
128
9
None
9
66
4
11
49
104
11
32
63
5
10
17
7
219
56
18
4
60
62
161
51
92
16
22
8
8
62
759
6
16
67
15
309
34
418
26
260
17
53
17
79
12
32
19
43
4
11
132
70
486
12
12
106
77
5
12
239
20
None
16
22
120
271
11
2
91
44
38
5
202
82
227
41
77
145
29
56
13
8
19
31
23
13
10
708
16
46
31
59
190
7
None
18
14
None
97
1867
38
229
68
252
24
31
5
44
19
21
21
274
29
20
210
2
110
15
109
317
164
12
13
26
18
102
106
15
161
33
2659
56
5
2
2430
78
75
19
6
35
42
27
14
15
129
141
155
50
4
55
33
102
224
6
45
20
16
147
None
22
16
76
76
133
17
95
7
12
99
144
51
28
32
168
5
12
62
174
13
25
None
51
59
31
63
11
86
27
214
39
47
17
169
45
20
26
60
501
293
25
20
308
19
6
3
6
55
263
123
605
20
165
201
36
145
52
125
4
14
20
None
33
22
22
2
38
2
6
32
43
38
None
38
62
193
755
8
201
53
35
38
4
12
650
138
39
26
32
8
38
12
71
679
7
254
66
23
6
8
None
1231
21
96
140
755
52
27
93
55
21
1080
None
14
None
66
11
20
9
57
14
6
23
5
51
78
207
242
8
17
38
14
6
165
13
24
12
91
40
40
14
26
12
17
76
10
316
35
None
117
27
13
21
80
12
47
24
45
18
29
49
82
6
10
37
23
53
13
2
12
18
172
6
9
9
30
213
18
22
126
22
21
17
8
16
23
8
113
5
141
59
103
70
164
4
455
56
120
2
110
10
13
26
237
65
214
22
24
23
None
None
15
75
129
19
8
23
3
19
305
37
70
17
18
62
3
82
9
11
83
37
191
23
61
73
258
90
86
63
7
114
391
66
87
14
60
17
120
13
15
263
166
74
108
24
19
22
19
8
53
7
100
13
363
111
111
127
76
41
2
8
47
242
9
29
9
36
670
36
38
16
22
34
268
415
28
98
43
35
27
10
7
126
4
10
66
5
123
15
74
64
913
8
35
10
11
107
41
26
None
1
203
20
116
None
54
226
32
164
24
727
5
8
238
106
14
26
72
147
159
41
7
249
17
6
18
3
21
34
9
52
49
14
16
31
2
40
15
6
29
81
1
None
21
11
23
112
23
21
79
6
8
6
5
384
98
17
298
13
79
30
None
77
26
8
46
348
146
18
340
190
176
50
189
43
37
184
18
14
27
10
11
9
114
6
17
74
182
6
13
72
11
25
3
24
60
35
83
35
22
23
46
16
40
156
9
31
109
4
156
20
19
72
46
156
26
134
52
96
64
11
19
24
16
3
166
118
298
33
19
100
25
64
133
136
101
284
22
457
347
35
66
20
19
12
13
25
17
14
42
31
444
10
12
14
82
21
1622
19
86
14
40
10
45
25
6
44
15
25
723
194
15
77
135
6
131
26
12
16
33
62
28
7
65
8
32
30
129
387
11
13
214
24
10
15
70
13
9
7
109
95
10
94
8
16
130
94
154
81
39
9
None
8
55
44
11
140
7
224
163
48
14
4
33
28
111
112
None
57
62
6
274
29
26
18
52
38
59
45
24
62
43
70
24
18
36
22
22
174
126
14
14
81
10
34
13
104
127
52
241
20
23
10
53
31
3
21
80
None
11
28
48
25
85
205
41
2
68
349
19
25
None
30
3
8
94
15
173
32
38
16
34
11
3
4
455
36
138
43
39
6
16
194
213
10
306
34
59
6
11
113
105
125
15
209
23
18
36
10
40
27
140
12
46
45
9
21
13
139
20
11
18
91
27
52
35
48
23
196
11
10
78
164
9
81
167
158
50
23
13
24
218
360
21
16
95
428
5
22
14
127
22
80
76
52
112
183
8
63
78
42
99
13
30
2933
64
32
84
53
164
40
7
82
313
131
18
87
30
31
109
536
55
15
33
49
29
7
14
20
103
23
408
28
23
41
25
29
19
222
14
24
299
48
32
71
5
183
20
84
56
26
48
195
None
78
34
264
46
26
11
536
25
716
159
53
16
12
6
69
32
None
95
81
341
23
12
20
217
107
157
3
94
30
7
None
99
15
47
9
None
13
13
8
32
11
111
5
13
13
147
17
3
146
83
50
104
92
2
1329
45
70
10
18
58
21
17
7
379
113
8
55
31
85
16
13
85
390
9
418
6
5
15
33
36
379
452
None
392
31
96
59
174
810
109
3
23
46
21
97
121
89
26
23
123
77
2
4
19
46
23
12
10
85
21
103
28
11
117
30
25
14
21
447
30
25
176
6
622
13
150
92
14
9
1015
89
17
423
91
7
130
12
62
95
11
61
61
47
17
80
23
145
16
38
51
11
17
108
37
23
129
16
31
41
806
21
10
64
95
46
16
98
82
227
9
282
138
13
385
37
None
45
10
22
50
15
56
45
20
23
70
18
40
127
264
182
387
12
42
13
36
25
31
6
103
13
38
5
61
313
14
144
4
8
86
48
11
147
None
298
129
48
109
38
5
2
2
20
18
7
15
13
631
11
6
7
122
18
20
25
24
110
22
167
19
3
30
63
1
24
51
107
124
49
64
21
None
194
30
36
1029
156
418
16
11
23
31
16
3
52
21
54
264
138
53
1
15
5
2
16
16
196
24
22
15
9
178
65
5
9
6
20
98
47
25
48
33
13
33
29
31
46
137
14
139
9
23
101
7
46
12
136
40
9
49
24
28
4
49
69
35
57
127
495
5
125
88
28
50
17
21
39
48
19
8
484
7
22
130
418
40
423
93
99
90
19
38
42
32
28
270
36
356
61
27
33
9
38
154
333
11
27
13
11
35
132
83
69
24
66
10
98
58
100
89
32
10
217
24
28
81
96
8
22
78
80
50
4
28
21
18
83
33
28
9
48
24
71
44
29
8
517
14
278
41
16
149
60
117
45
10
18
30
6
245
3
32
28
55
26
10
15
3
48
20
None
48
45
25
15
333
39
10
19
80
44
16
7
10
101
8
281
79
162
7
88
1
10
49
21
44
25
22
70
16
None
12
10
33
391
0
52
77
30
47
49
15
155
54
13
548
10
15
756
549
85
68
4
None
36
4
28
1153
16
22
75
18
7
18
64
88
None
24
111
70
4
23
47
23
227
1
42
38
13
8
5
47
214
33
77
98
11
19
13
24
30
15
168
19
66
205
26
46
47
20
128
9
14
77
57
14
19
169
37
22
41
24
82
19
68
24
10
8
129
171
391
45
24
3
54
327
1
16
None
33
7
162
5
61
19
53
2
52
1
54
62
24
67
61
37
909
152
33
51
402
20
31
67
17
770
47
72
28
114
20
8
27
23
28
9
11
7
60
1051
373
73
31
30
22
205
127
20
56
27
24
95
105
2
9
113
2
34
115
133
14
12
25
8
19
104
15
165
141
227
23
21
144
1
5
1622
29
218
134
42
12
22
11
30
173
None
256
91
13
895
60
46
20
67
12
33
76
None
None
21
20
5
8
None
7
10
30
131
18
23
111
41
5
84
197
6
12
71
264
122
25
8
24
3
47
36
6
14
5
29
13
27
2
14
112
11
3
119
20
13
32
14
55
46
124
10
80
56
None
51
60
111
21
7
39
78
104
479
6
31
112
65
31
137
11
59
10
53
41
11
39
18
9
89
31
14
3
8
29
3
None
66
None
39
7
88
3
10
19
53
23
48
3
40
294
22
301
1051
32
16
21
32
4
66
18
69
37
41
131
19
43
31
24
235
123
20
77
30
53
31
27
None
105
20
15
46
204
6
53
65
125
182
10
10
26
17
46
17
38
39
169
8
6
18
270
75
8
103
59
23
251
168
4
3
23
35
12
89
9
35
16
10
72
127
685
9
30
21
26
23
23
21
90
45
51
7
11
3
380
76
21
58
83
22
406
20
319
249
76
49
17
41
1559
170
29
None
339
7
9
30
207
2
61
3
7
106
99
35
605
2
89
48
716
24
28
41
17
80
16
160
1
221
230
77
40
16
11
15
20
77
133
19
16
51
47
136
26
1
7
29
9
7
35
38
57
5
90
16
22
31
835
52
10
8
10
85
38
11
1153
31
16
15
3
7
12
29
23
190
9
25
17
125
53
115
11
134
17
14
11
147
34
36
31
45
32
None
186
90
28
87
11
260
235
21
9
17
18
104
13
12
72
2706
30
122
90
26
208
13
33
79
15
83
52
6
40
18
103
171
16
35
42
29
80
60
185
5
35
36
60
9
120
30
7
53
11
20
154
3
26
14
14
56
307
15
28
43
11
57
178
8
8
56
63
12
25
59
54
14
11
139
21
25
21
54
5
22
44
22
None
126
68
18
20
77
114
29
25
390
22
48
93
9
15
22
6
13
51
22
46
45
66
8
426
15
3
70
47
17
21
31
61
13
None
51
341
478
12
71
4
21
10
77
11
29
14
38
3421
18
49
8
None
None
None
391
38
9
222
125
13
19
32
10
1
22
6
128
27
145
78
54
120
19
22
17
13
5
15
4
28
40
12
57
39
103
31
16
13
33
28
8
37
3
20
26
12
73
490
81
41
4
5
5
33
49
69
12
11
13
195
16
66
1255
17
7
60
629
33
2
18
3
78
37
227
121
112
25
38
15
72
32
42
None
134
34
33
183
27
38
78
38
35
3
25
12
7
21
83
8
194
34
15
10
3
29
18
13
3
40
44
478
25
106
70
7
17
23
6
76
10
67
15
185
6
53
49
476
17
5
44
222
35
13
275
1
39
28
76
20
21
6
15
6
11
25
48
13
20
24
161
None
9
57
42
11
33
26
17
57
504
4
1935
63
27
11
78
82
173
227
41
28
97
1122
1468
300
10
16
11
64
7
113
155
409
42
32
11
17
66
34
17
114
10
40
58
86
18
18
8
223
16
23
17
3
113
7
48
None
217
41
45
25
24
136
5
55
47
14
26
82
79
1465
13
568
116
20
16
154
108
14
5
50
12
390
57
6
18
5
None
105
183
20
65
120
249
19
39
390
2
181
96
15
23
70
163
31
5
20
37
46
266
5
281
1052
12
24
587
628
4
14
37
59
50
124
77
10
566
100
149
391
8
49
26
23
18
16
10
14
463
75
1
8
59
6
18
11
19
19
32
38
56
731
104
4
6
168
4
31
47
52
205
1086
107
36
5
75
17
200
46
137
9
25
3
1571
112
367
190
5
22
18
117
24
26
88
22
25
23
35
56
165
28
47
25
34
17
52
12
35
6
13
None
74
70
30
105
9
266
9
72
121
1148
24
62
43
6
2
None
374
661
172
24
43
100
65
9
153
4
4
21
5
9
135
314
380
13
13
196
19
93
41
3
27
70
5
10
38
23
14
17
24
133
12
108
18
113
32
11
133
10
12
174
187
48
28
14
17
43
6
53
127
56
12
130
117
19
21
53
10
5
177
46
137
10
15
17
119
80
8
36
18
18
20
194
41
40
8
180
76
43
62
17
445
45
1
1
None
28
15
186
25
357
4
10
16
345
15
96
38
87
34
12
157
11
26
16
4
13
109
32
3
137
13
20
63
12
63
14
22
16
463
24
82
44
197
67
153
4
54
367
75
48
59
2
52
106
140
13
6
8
69
87
185
54
61
15
40
67
42
125
937
57
5
163
16
None
157
119
35
45
26
17
60
102
10
9
143
106
9
107
42
8
95
10
17
398
22
165
243
9
9
7
8
18
37
27
2
14
5
6
703
14
24
9
27
17
12
134
5
10
39
269
6
66
181
9
1
70
53
30
103
3
50
28
134
238
171
28
179
29
14
117
3
50
None
24
187
178
121
65
33
107
423
11
13
7
26
17
327
78
None
11
12
26
21
34
208
13
52
None
18
38
9
13
35
362
86
30
6
29
110
20
88
2
24
33
106
16
21
97
2
25
8
8
39
30
10
None
22
31
None
31
28
195
104
11
160
21
198
52
10
6
16
17
107
15
4
29
12
27
24
116
10
13
39
12
152
13
6
128
16
8
24
158
109
51
490
34
132
11
132
11
60
73
23
156
49
100
1
53
306
123
12
213
13
90
24
6
10
7
37
13
21
17
2
26
62
25
4
37
9
8
44
142
88
9
30
84
8
49
5
33
47
172
105
25
3
30
875
11
70
25
11
66
28
3
3
10
38
27
7
12
152
14
85
49
37
59
23
6
145
1228
139
4
45
359
99
49
19
207
54
11
283
277
32
95
166
9
36
7
3
26
8
121
48
30
109
90
23
None
45
85
358
15
4
165
14
99
None
8
16
16
6
17
22
278
36
11
22
9
85
40
13
4
29
368
27
20
9
202
None
6
99
18
18
134
367
26
133
826
263
42
67
50
59
37
2
12
3
23
366
160
68
55
9
29
4
146
217
76
51
11
12
74
8
12
5
9
37
277
913
24
184
9
96
45
27
61
4
21
4
10
25
81
165
48
33
73
16
15
1
14
3
7
15
119
23
34
16
45
116
99
3
24
42
913
1
5
46
17
30
29
85
37
158
15
133
10
52
95
61
45
157
8
20
26
93
18
245
71
75
67
4
171
58
30
15
24
15
278
17
17
59
9
24
163
20
122
24
17
27
30
10
5
31
116
12
23
26
13
112
99
23
47
79
69
201
71
128
53
13
46
43
61
60
60
92
49
15
10
177
41
586
14
19
41
6
23
14
15
76
34
16
31
23
31
156
128
98
27
70
13
42
24
45
47
20
28
16
15
29
23
49
159
60
28
2
9
32
39
75
39
6
16
187
524
25
15
89
48
42
21
84
151
16
12
21
73
49
68
20
39
636
490
102
274
13
39
73
17
18
6
56
78
198
10
8
3
15
500
None
52
20
122
80
10
20
645
56
271
1
67
13
20
None
9
507
16
58
440
70
277
None
24
13
186
10
241
11
162
21
210
14
28
21
16
None
53
90
4
21
33
42
263
254
39
21
54
4
30
45
69
25
12
16
135
19
7
83
52
18
9
1052
42
None
85
74
493
13
26
13
9
5
74
252
16
39
15
8
51
13
18
13
13
21
18
6
13
22
5
None
14
14
12
6
483
227
68
13
14
32
52
19
19
61
6
27
15
28
35
46
316
2
601
4
87
31
37
3
789
35
20
None
212
202
17
36
1
15
115
29
404
28
13
10
160
8
None
12
93
9
69
50
27
27
86
179
24
33
34
27
79
258
12
26
42
5
58
46
22
27
36
289
15
37
121
5
1015
249
65
101
84
81
91
76
18
48
32
53
155
5
10
26
14
22
29
10
11
53
17
180
22
204
36
12
25
44
667
85
6
65
36
17
4
25
54
38
16
38
102
181
28
507
8
18
20
54
6
31
37
16
6
25
53
86
621
9
33
5
33
26
3
71
21
18
15
28
180
14
55
21
101
56
37
105
3
47
11
52
9
199
15
None
7
6
28
58
2
8
None
15
16
152
10
None
270
11
24
325
48
10
51
58
16
51
48
None
134
71
4
138
199
589
777
98
19
124
132
28
124
1
4
17
84
16
5
9
35
183
858
13
210
23
90
229
277
109
33
13
195
17
1061
4
3
21
15
28
66
20
42
4
95
30
60
18
27
7
6
31
35
116
95
140
10
37
228
61
10
237
261
17
156
16
229
29
406
4
6
6
35
119
106
21
47
24
577
44
26
20
34
4
1
1
4
18
43
None
17
12
116
11
14
105
13
64
19
131
1559
9
13
360
40
6
20
28
38
21
60
36
54
13
24
381
15
39
8
5
78
27
2
266
20
81
17
19
110
112
198
8
7
14
6
7
274
4
94
110
86
208
177
16
21
46
13
50
12
7
11
929
69
54
7
33
18
198
20
142
19
269
15
5
42
490
37
46
8
63
302
19
37
46
82
8
5
192
27
47
31
100
323
52
31
152
31
234
8
7
51
59
23
54
227
14
43
41
20
16
80
24
378
39
25
267
16
6
227
222
93
8
7
59
8
17
542
41
36
73
385
76
27
80
47
15
15
68
27
247
30
52
106
24
17
17
26
13
14
120
26
28
30
7
18
10
15
87
27
22
6
875
249
69
630
10
37
114
19
134
56
36
13
23
306
9
34
36
40
14
3
31
197
13
14
86
9
27
70
10
17
490
237
21
14
6
67
25
None
38
431
4
197
817
53
18
44
20
86
25
6
17
8
47
8
24
42
40
22
74
64
402
33
3
90
46
15
84
8
78
232
4
340
41
19
18
52
100
26
132
98
60
30
109
617
30
212
5
22
None
97
6
116
17
46
48
654
10
30
15
24
12
70
548
710
None
30
86
17
14
21
23
60
13
97
2
31
122
12
9
65
44
55
16
41
24
1
18
8
40
263
102
87
21
20
13
13
101
1367
223
24
72
12
329
254
14
15
70
None
115
14
101
16
99
51
14
116
13
120
33
15
31
143
55
30
55
5
79
53
40
2
48
19
61
20
29
92
36
156
11
39
16
None
115
29
3
None
19
33
28
141
212
61
85
51
9
18
337
7
46
37
176
16
101
12
16
14
5
132
66
12
68
16
3
18
46
51
185
5
36
33
400
270
96
83
12
24
54
11
11
62
155
70
11
25
31
15
15
17
17
None
15
162
87
19
42
13
29
33
74
14
22
435
None
8
154
14
28
88
61
131
51
15
71
45
1051
111
41
92
87
11
17
9
262
181
None
105
137
19
115
134
51
18
9
242
15
55
16
76
1
None
28
23
11
55
177
63
1
289
23
138
45
31
49
7
21
17
47
3
181
63
125
5
22
109
20
118
162
14
17
27
4
24
1
49
126
8
19
51
42
931
48
91
121
23
14
134
109
94
121
37
24
19
21
16
192
20
31
32
None
99
18
20
229
43
84
85
33
76
909
8
97
101
47
19
197
23
31
1
22
183
131
7
43
213
10
2
43
17
12
5
178
70
58
8
14
54
14
36
25
21
11
141
13
26
14
178
13
20
58
18
131
228
11
4
367
18
69
86
21
77
207
21
18
16
10
35
32
55
22
131
17
412
19
12
92
2573
13
11
5
64
100
179
139
9
16
25
17
16
12
8
9
7
10
43
45
37
32
1
9
21
140
187
16
60
26
78
669
24
5
92
11
64
18
70
5
197
156
25
35
39
15
422
7
26
34
10
19
73
49
24
2
9
10
427
23
24
9
45
14
21
87
105
81
25
None
23
7
25
80
8
80
15
54
24
205
8
8
16
11
119
32
9
14
23
31
17
10
12
26
11
9
47
42
6
22
15
35
71
7
41
108
1189
13
9
481
60
6
42
108
40
56
112
104
137
114
2
56
36
177
30
28
3
223
47
142
22
170
301
6
14
18
21
34
37
4
111
4
65
13
44
None
51
41
10
48
45
2
60
291
24
8
12
35
44
None
185
190
13
29
30
490
1
19
47
14
78
19
6
7
31
35
19
98
36
30
21
77
2395
215
None
66
30
62
39
95
8
43
52
None
16
7
15
27
5
19
276
16
1
2
6
None
75
41
23
58
41
None
129
54
3
5
104
227
14
27
93
39
30
6
16
6
353
26
7
75
23
37
50
26
23
27
41
18
307
21
208
10
257
16
40
7
26
10
223
12
49
42
10
154
38
18
77
166
20
9
75
178
214
57
195
16
15
11
210
9
34
9
7
None
19
701
88
104
17
8
74
32
11
2
53
None
9
47
15
67
84
8
28
239
25
6
50
191
20
10
95
9
650
113
3
118
14
64
13
98
17
20
36
66
92
432
1
30
8
536
38
55
51
70
49
66
17
134
69
16
90
20
16
11
14
286
217
5
21
23
789
36
8
30
69
86
26
10
27
3
7
56
43
142
19
7
20
31
11
7
15
12
9
18
48
23
7
4
16
90
9
89
257
65
66
351
170
10
25
59
44
60
62
84
113
24
34
95
84
5
9
37
45
None
10
13
30
5
17
None
17
23
28
50
88
17
110
72
42
146
10
6
28
24
24
646
161
1
13
84
17
983
5
12
49
20
132
24
79
46
14
63
37
23
465
15
6
8
20
13
92
40
13
70
23
10
387
52
27
12
76
9
6
49
31
9
349
7
39
104
60
23
9
45
418
23
196
15
7
55
40
127
144
52
283
22
11
9
15
12
27
8
37
49
35
41
50
28
183
103
95
214
242
10
483
150
55
6
2
8
2
152
28
134
56
116
26
26
110
11
12
182
20
185
10
39
359
147
19
38
197
8
293
24
85
22
51
None
282
19
3
None
121
59
14
12
26
123
1685
4
51
3
332
16
88
187
33
37
335
70
51
79
26
303
48
12
152
46
333
762
95
11
46
6
24
14
158
1
39
17
56
40
40
2
13
43
115
5
9
2
33
24
18
74
94
6
19
10
6
20
173
14
None
2
28
36
137
56
96
15
2
110
10
8
2
364
5
26
61
16
44
55
31
15
58
11
27
3
18
17
42
52
177
118
67
33
None
104
None
53
19
13
13
10
156
18
3
7
6
16
66
13
15
37
143
47
17
27
13
30
6
25
26
53
249
271
24
43
12
24
36
14
101
27
323
11
15
119
18
95
11
51
14
149
35
25
178
754
4
37
34
2
82
27
19
31
25
21
17
204
10
16
137
None
154
139
29
7
8
1
28
53
58
9
1
56
24
149
52
15
176
69
13
32
21
8
None
788
33
106
194
195
89
7
224
69
249
70
45
51
11
25
395
21
9
37
278
12
379
58
31
9
48
12
156
104
186
10
1
4
33
24
2
26
127
55
4
47
60
60
50
605
83
71
5
7
17
21
71
66
84
5
160
231
45
68
33
10
1
55
13
None
57
9
19
105
122
48
26
7
89
5
24
399
14
1
29
150
252
27
146
11
64
23
258
15
90
36
310
16
28
15
5
8
69
17
3
67
4
663
346
20
19
12
5
29
841
23
23
25
28
40
6
7
22
9
13
16
155
65
159
46
12
13
28
71
39
47
110
8
159
91
8
8
183
157
11
16
18
90
26
22
11
9
1
30
13
5
6
5
919
367
74
9
8
25
754
24
46
10
27
56
11
9
16
55
45
45
884
104
16
55
9
6
304
32
9
37
36
14
18
33
49
9
11
14
207
40
10
5
21
85
40
277
29
63
115
32
58
9
52
16
61
34
19
20
19
676
13
38
12
7
2
35
29
21
39
78
19
69
17
1027
98
59
119
80
6
24
3
22
8
25
22
38
245
57
13
10
25
15
55
7
15
13
15
95
62
54
34
203
87
58
136
17
29
255
78
15
34
4
4
151
909
231
13
12
24
56
12
27
3
192
14
17
215
15
7
10
5
73
26
554
20
147
25
39
29
1
68
8
22
1
12
96
49
43
16
94
33
29
231
621
121
32
11
4
67
7
13
8
42
27
14
34
78
35
19
38
17
8
50
47
12
123
28
29
31
192
40
56
14
17
None
7
16
56
7
12
68
34
None
22
37
9
246
17
30
266
23
11
38
70
605
142
35
8
4
8
46
77
4
23
15
17
95
65
43
31
27
11
13
36
12
58
99
7
27
14
7
114
41
29
800
295
41
48
50
13
144
17
24
36
99
43
50
20
None
19
913
None
177
369
33
24
32
166
370
6
40
59
15
6
362
None
71
2
195
257
88
5
2
17
27
36
10
25
19
91
19
74
15
21
32
133
14
20
9
7
630
22
55
33
39
14
11
29
1
21
5
19
54
19
65
13
414
88
60
8
21
63
31
38
30
54
36
5
9
16
18
181
24
103
19
48
37
179
45
24
6
None
10
397
89
4
72
51
191
3
8
62
13
120
40
40
1351
11
87
49
14
21
7
135
928
154
86
20
98
4
128
12
17
9
84
13
7
27
39
4
391
753
17
16
3
51
47
23
38
129
8
53
6
31
15
21
43
12
101
20
12
6
14
9
3
9
24
7
45
11
13
13
28
18
130
256
179
122
17
24
45
18
131
18
23
20
39
22
146
21
15
17
12
1
14
135
8
38
74
26
15
16
319
306
276
10
35
7
154
25
14
141
10
17
47
None
32
243
6
18
1233
2
31
16
46
15
2
None
35
79
169
6
126
27
9
41
35
41
27
None
164
27
13
10
11
125
13
11
16
396
12
10
12
96
14
24
11
31
140
6
175
76
9
12
431
23
15
31
73
52
167
785
1602
131
73
356
15
16
3
26
317
27
140
107
58
45
13
16
22
12
45
11
271
11
48
16
930
15
44
47
24
69
23
43
11
13
23
109
4
12
24
26
108
8
49
17
1
7
8
53
10
206
23
15
10
48
36
46
95
5
406
44
37
211
343
49
22
416
226
15
None
62
143
42
73
6
23
137
57
50
15
9
390
178
3
12
71
143
107
338
26
69
26
33
141
334
142
27
22
20
45
5
12
66
71
22
249
53
71
22
32
33
38
5
308
19
161
160
50
89
73
195
50
130
6
276
107
10
55
5
13
22
15
145
111
30
36
138
32
3
179
15
33
13
22
19
6
100
103
11
71
20
112
36
137
28
19
72
51
4
None
1647
1
18
95
205
303
41
16
343
47
21
134
59
124
145
25
8
52
605
23
516
9
34
34
109
27
12
148
14
369
43
41
9
21
50
18
14
15
116
25
61
13
103
7
8
22
418
36
14
4
23
7
28
113
225
5
7
98
28
3
45
20
7
25
13
33
13
3
308
31
7
24
70
25
31
None
73
984
54
20
43
52
5
15
714
25
107
25
342
15
68
107
142
128
276
16
None
90
14
19
95
82
19
140
55
50
14
81
11
111
47
8
32
29
164
80
84
2
7
53
118
152
29
51
64
73
21
16
105
55
29
None
209
27
19
3
32
26
102
83
29
40
5
97
40
9
120
10
138
8
31
18
162
6
15
151
50
22
53
19
None
50
57
72
105
29
7
228
17
351
6
322
27
28
37
19
35
11
17
96
21
157
14
1
50
None
491
37
104
199
14
19
20
16
18
23
10
2
73
24
14
102
33
167
14
91
48
12
84
50
85
32
9
180
23
53
44
148
29
182
112
70
12
59
18
19
7
27
107
256
18
89
779
None
1284
17
9
73
33
21
116
54
23
None
56
22
8
64
31
121
23
116
1
29
5
11
16
41
12
34
145
10
24
150
11
8
6
7
14
66
101
15
31
138
138
7
1
41
None
149
20
73
25
1622
105
348
82
11
31
389
15
278
6
10
74
3
16
37
17
10
69
55
116
26
37
44
19
24
18
31
8
77
21
14
36
45
159
22
16
28
75
98
190
122
38
10
6
152
96
5
4
16
450
93
11
106
54
15
83
52
76
66
26
183
1
54
191
64
35
50
None
48
9
7
20
3
36
119
70
42
24
139
5
25
9
62
75
14
96
39
45
42
14
1
274
183
1
156
155
1
10
2
69
7
53
32
196
8
11
187
2
32
7
12
10
96
110
96
43
136
11
21
7
28
25
28
360
165
1
60
21
18
20
None
168
24
85
11
25
15
61
5
256
10
44
132
59
19
25
18
13
264
16
24
111
19
12
33
7
97
43
17
23
112
13
23
14
115
10
104
139
8
131
8
49
50
10
21
28
11
225
7
28
168
40
391
122
60
116
177
22
12
100
12
27
5
104
19
48
22
45
88
None
20
40
80
6
8
11
37
2
47
13
62
28
16
27
23
26
2
16
138
4
417
2
137
44
5
57
177
5
9
17
11
58
4
30
13
15
201
None
66
10
None
4
10
60
35
47
20
35
29
16
9
18
91
19
24
9
118
5
25
134
31
822
71
396
35
12
68
68
16
472
33
30
10
15
46
10
19
13
66
8
13
27
18
251
46
13
14
8
35
79
55
80
18
747
384
2
1
35
57
65
282
12
83
5
19
245
None
490
55
122
17
846
None
524
334
106
6
24
110
36
39
None
2
374
22
24
50
180
6
36
22
45
16
28
11
19
235
325
233
None
125
17
None
12
9
8
14
4
85
66
174
51
36
705
5
64
9
134
39
30
23
33
79
13
4
3
6
15
7
33
45
3
56
32
14
114
362
49
29
12
28
4
78
25
2
45
6
67
17
23
15
788
19
12
4
90
5
133
23
23
None
41
1
36
3
34
8
7
30
91
43
24
20
210
27
147
222
12
19
28
35
None
142
13
145
64
15
35
26
88
7
49
7
111
2
24
24
95
10
9
23
7
16
14
91
8
18
20
144
2
42
None
11
23
159
44
140
149
6
55
10
11
12
22
46
34
31
19
14
42
21
665
360
61
8
17
13
39
61
131
16
30
7
2
59
11
61
52
17
9
13
280
3
26
48
2
9
12
39
12
44
14
None
10
56
36
7
12
9
7
1
17
215
45
51
99
6
38
1
31
42
36
49
79
6
581
1659
17
330
29
43
95
490
45
26
4
28
23
22
29
29
15
15
8
31
37
37
44
106
94
42
104
46
22
34
29
9
46
74
192
9
94
3
14
81
3
7
19
150
127
58
45
25
28
7
10
13
17
170
11
15
176
12
16
246
12
18
15
10
26
48
13
73
38
115
384
60
12
16
21
17
28
22
7
303
15
144
47
67
4
21
None
14
24
16
49
12
120
156
41
27
231
20
48
1
185
21
79
53
6
11
59
7
10
226
5
4
24
28
165
102
29
209
28
22
85
88
3
8
10
42
118
37
144
1
10
21
18
18
9
16
108
8
569
76
95
101
7
118
53
23
11
18
6
50
5
368
77
182
47
23
56
30
19
30
12
106
55
17
9
1
8
7
16
352
29
134
112
26
10
11
104
42
5
4
13
2
8
51
4
1
37
11
83
10
28
2
59
21
185
42
6
9
3
6
9
23
23
24
40
338
26
22
21
20
91
55
10
11
37
134
86
40
7
50
146
89
47
3
137
37
106
67
15
94
16
12
12
68
4
27
9
1
44
21
80
113
6
102
96
130
20
103
441
58
2
None
95
1
72
3
21
34
46
42
83
30
6
36
11
7
163
10
26
28
129
74
244
60
31
6
51
8
19
45
2
6
438
19
142
20
27
87
20
3
44
13
8
4
10
398
12
83
10
23
118
13
48
15
185
26
None
54
65
38
11
28
11
57
13
32
12
12
6
12
78
11
80
13
15
43
16
85
12
697
34
31
170
12
51
27
73
14
5
27
37
22
18
712
13
8
8
30
96
31
11
7
44
16
27
18
144
346
37
35
181
78
102
None
27
7
24
17
39
418
99
1
105
22
44
46
75
14
20
24
53
108
11
296
49
17
12
15
49
5
23
139
8
9
99
31
29
96
14
31
266
48
79
73
6
42
41
33
32
110
16
20
374
175
19
185
14
38
None
19
83
1
23
4
15
20
19
21
893
55
83
7
54
61
13
190
23
85
24
15
41
33
4
10
58
36
30
3
47
147
19
51
383
39
15
18
2
8
None
30
153
1325
38
89
9
82
34
38
12
24
111
94
6
42
36
274
36
49
20
4
5
137
14
17
431
105
44
76
12
12
28
11
26
62
143
32
16
91
7
64
29
9
99
23
42
7
7
57
26
7
62
23
2
10
7
11
53
11
33
7
19
95
40
234
33
39
10
245
201
26
215
149
19
19
33
800
35
4
100
258
81
556
4
20
42
6
8
4
75
56
6
62
32
7
13
17
25
32
44
81
11
19
114
20
8
10
10
19
153
46
82
21
36
261
144
50
24
81
9
18
24
10
3
26
6
20
13
15
14
5
33
15
98
114
14
None
32
201
10
75
9
73
48
71
35
4
68
196
10
29
209
214
45
80
20
50
146
31
19
28
21
30
24
33
140
85
1
216
55
8
135
384
146
26
19
15
6
23
18
39
18
21
44
28
38
2
86
13
15
17
24
34
60
92
139
121
3
25
12
44
31
19
7
25
19
130
None
142
9
24
37
669
490
12
31
6
7
22
50
46
48
56
10
9
115
29
16
11
22
85
21
67
32
28
14
18
34
22
145
None
21
9
25
44
45
154
None
131
17
13
902
127
30
146
33
274
16
13
17
423
26
166
66
60
35
9
36
20
34
140
378
66
32
505
3007
36
22
21
49
13
99
327
7
596
8
11
17
100
55
925
236
54
6
29
695
20
132
35
89
9
8
24
None
21
155
74
9
37
32
25
199
66
13
57
44
40
15
207
6
238
7
455
142
29
7
6
10
10
27
16
29
45
70
76
28
16
9
35
98
53
28
41
36
25
5
34
16
16
74
102
6
27
19
29
44
131
92
312
24
119
70
67
56
206
11
49
11
14
98
34
38
7
36
32
2
19
39
15
8
None
8
13
8
48
8
104
None
165
68
56
73
38
23
44
37
105
65
25
60
123
3
13
61
7
None
29
28
73
12
16
12
18
35
31
197
12
77
35
58
20
42
38
16
70
186
29
8
245
75
31
27
7
9
17
931
5
101
222
94
11
10
0
30
None
45
57
24
85
None
11
None
37
6
418
40
29
None
19
2
30
3
22
20
86
48
28
25
113
298
6
1
2
96
11
107
26
1
16
13
32
120
21
65
141
10
43
30
4
1
14
231
10
43
5
1
37
116
7
78
98
288
22
40
36
11
57
152
18
174
11
35
83
51
66
39
None
5
8
25
29
93
9
4
17
41
588
29
12
31
229
61
14
37
60
4
13
19
50
7
362
16
23
477
12
54
3
50
88
112
46
10
7
21
7
6
4
250
129
46
4
1
58
31
391
9
192
40
59
39
70
19
75
28
362
42
42
176
66
10
6
22
